
=========================================================================
Statistic              N     Mean      St. Dev.      Min         Max     
-------------------------------------------------------------------------
undp_hdi              190    0.72        0.15       0.38        0.96     
wdi_expedu            174    4.58        2.07       0.38        14.20    
wdi_acel              192   85.84       24.47       7.70       100.00    
wdi_area              192 663,647.40 1,839,053.00   2.08    16,376,870.00
wdi_taxrev            141   16.21        6.85      0.0001       44.35    
wdi_expmil            152    1.87        1.34       0.11        7.58     
wdi_fdiin             181   -2.87       97.41     -1,303.11     32.75    
wdi_trade             169   89.97       57.02       24.35      393.14    
cbie_index            153    0.69        0.15       0.30        0.91     
wbgi_rle              193   -0.07        1.00       -2.30       2.01     
bmr_dem               193    0.61        0.49         0           1      
atop_ally             184    1.00        0.00         1           1      
gol_est               142    1.81        0.71         1           3      
mad_gdppc             162 19,024.63   20,243.31    606.86    143,468.80  
mad_gdppc1900         47   2,924.33    2,007.79    817.74     8,037.57   
bci_bci               191   44.26       19.49       -3.50       78.94    
lis_gini              35     0.33        0.06       0.24        0.48     
top_top1_income_share 193    0.16        0.04       0.06        0.27     
wdi_wip               192   24.51       12.94       0.00        61.25    
-------------------------------------------------------------------------

======================
Descriptive Statistics
----------------------
